1
2
3
4
5
6
7
9
10
11
12
14
15
16
17
18
19
21
22
27
28
29
30
31
32
33
35
36
37
38
42
43
45
46
48
50
53
54
56
57
58
60
61
62
63
64
67
68
69
70
71
74
75
77
78
79
81
82
83
84
85
86
87
88
89
90
91
93
95
98
99
100
101
102
103
104
105
106
107
108
109
110
111
112
113
114
115
116
117
118
119
121
122
123
124
125
127
129
130
131
132
133
134
136
137
138
140
141
142
143
144
146
147
148
149
151
152
153
154
156
158
159
160
161
162
163
164
165
166
167
169
170
171
172
173
175
176
177
178
179
180
181
182
183
184
186
187
188
193
195
196
197
198
200
201
202
203
204
206
208
209
213
215
217
218
219
220
221
222
224
226
228
229
230
231
232
233
234
235
236
237
239
240
241
242
243
244
245
246
248
249
251
252
253
255
256
259
260
261
263
264
267
268
269
270
272
273
275
276
277
278
279
280
281
282
283
284
285
287
288
289
290
293
296
297
298
300
